./R/india/4523_4560.png
3.874302e-07
0.3952491
0.0022491515
0.013893962
0.4508894
0.08323036
1.1460064e-05
最も近いのは5番目のホガースカーブ
./R/india/4819_4853.png
5.453825e-06
0.9808772
0.4224189
0.0029360056
0.009036495
0.0044899723
0.00013225291
最も近いのは2番目のホガースカーブ
./R/india/4556_4611.png
5.6922436e-06
0.9795435
0.040522456
0.0016719997
0.022285942
0.10628156
2.5642983e-06
最も近いのは2番目のホガースカーブ
./R/india/4723_4769.png
1.7285347e-06
0.9004374
0.005122781
0.0017303824
0.037641734
0.046113018
1.5487727e-05
最も近いのは2番目のホガースカーブ
./R/india/4853_4876.png
3.3974648e-06
0.9760493
0.06300402
0.0006364882
0.021483142
0.04397749
1.5545083e-05
最も近いのは2番目のホガースカーブ
