./R/jawa/10562_10635.png
5.9604645e-08
0.00050753355
0.028679848
0.0009905994
0.88866335
0.018444145
0.026879258
最も近いのは5番目のホガースカーブ
./R/jawa/7398_7438.png
2.9802322e-08
0.0011920333
0.06420204
0.0066133738
0.88734734
0.004409318
0.01204266
最も近いのは5番目のホガースカーブ
./R/jawa/18483_18616.png
1.1920929e-07
0.04699391
5.3733587e-05
0.019768834
0.17674218
0.84620976
0.001857677
最も近いのは6番目のホガースカーブ
./R/jawa/10850_10944.png
0.0
0.00033852458
0.040582925
0.0039607584
0.8786732
0.0022115442
0.0072753374
最も近いのは5番目のホガースカーブ
./R/jawa/18891_18945.png
3.2782555e-07
0.3517785
0.00030186772
0.0066003203
0.19202486
0.33595124
2.1629718e-05
最も近いのは2番目のホガースカーブ
./R/jawa/3543_3598.png
5.9604645e-08
1.04904175e-05
0.00031661987
0.07792795
0.9956377
0.040989522
0.11983403
最も近いのは5番目のホガースカーブ
./R/jawa/3695_3780.png
8.940697e-08
0.001943469
0.0045284033
0.007001132
0.9419355
0.008291732
0.00873867
最も近いのは5番目のホガースカーブ
./R/jawa/18229_18342.png
1.4901161e-07
0.04846993
0.0001744926
0.0048832893
0.5684627
0.28282318
0.0004925419
最も近いのは5番目のホガースカーブ
./R/jawa/3648_3710.png
2.9802322e-08
0.00085252523
0.029056609
0.0023389459
0.8735568
0.006429065
0.031941406
最も近いのは5番目のホガースカーブ
./R/jawa/18753_18813.png
0.0
0.00097087026
0.007368505
0.036501497
0.7606445
0.04526291
0.002036578
最も近いのは5番目のホガースカーブ
./R/jawa/10364_10403.png
0.0
2.849102e-05
0.0021555126
0.02202499
0.94843996
0.027452096
0.046449244
最も近いのは5番目のホガースカーブ
./R/jawa/3583_3682.png
7.748604e-07
0.8289349
0.00073191524
0.0028260052
0.043084353
0.56526846
0.00014009446
最も近いのは2番目のホガースカーブ
./R/jawa/7641_7670.png
2.0861626e-07
0.0034704506
0.025718004
0.0020274222
0.9616558
0.00443055
0.0034839208
最も近いのは5番目のホガースカーブ
./R/jawa/18018_18168.png
5.066395e-07
0.15670773
7.686019e-05
0.010520905
0.08118803
0.88565016
0.0013894009
最も近いのは6番目のホガースカーブ
./R/jawa/3431_3480.png
1.6093254e-06
0.8959498
0.0061232448
0.0012927353
0.04747789
0.06011858
1.740917e-05
最も近いのは2番目のホガースカーブ
./R/jawa/3853_3877.png
0.0
0.00024744868
0.0058525205
0.007458806
0.9549518
0.0035493707
0.03959423
最も近いのは5番目のホガースカーブ
./R/jawa/10280_10322.png
0.0
0.000117212534
0.0049467683
0.032937407
0.94389147
0.011509722
0.021929894
最も近いのは5番目のホガースカーブ
