./R/hula/1352_1405.png
3.784895e-06
0.95444334
0.005151242
0.002893418
0.03173712
0.06900164
2.859775e-06
最も近いのは2番目のホガースカーブ
./R/hula/6240_6312.png
2.0861626e-07
0.01679936
0.83133745
0.00031745434
0.4367488
0.002380385
0.0010713612
最も近いのは3番目のホガースカーブ
./R/hula/6626_6680.png
1.8179417e-06
0.9501858
0.027022123
0.0008662641
0.065381944
0.025965177
1.1907249e-05
最も近いのは2番目のホガースカーブ
./R/hula/6462_6519.png
2.4437904e-06
0.9307138
0.039836407
0.0008568466
0.11262888
0.019476904
5.3630774e-06
最も近いのは2番目のホガースカーブ
./R/hula/4505_4658.png
8.940697e-08
0.04952112
0.015308857
0.004882127
0.76116
0.009150965
0.00036568797
最も近いのは5番目のホガースカーブ
./R/hula/6345_6386.png
9.298325e-06
0.9080847
0.005464226
0.0015530884
0.05336832
0.09874046
4.333492e-06
最も近いのは2番目のホガースカーブ
./R/hula/6684_6795.png
7.748604e-07
0.22125909
0.00012338161
0.0095614195
0.11547619
0.4871885
6.6301104e-06
最も近いのは6番目のホガースカーブ
./R/hula/6275_6345.png
1.3113022e-06
0.4528396
0.00028312206
0.005882621
0.16622752
0.5870295
4.2320964e-05
最も近いのは6番目のホガースカーブ
./R/hula/4002_4048.png
5.662441e-07
0.6391053
0.009217501
0.001612246
0.43506047
0.09679299
1.0962497e-05
最も近いのは2番目のホガースカーブ
./R/hula/6808_6911.png
8.046627e-07
0.45982403
9.325147e-05
0.018616438
0.118019074
0.35807034
0.00029627726
最も近いのは2番目のホガースカーブ
./R/hula/6578_6625.png
8.940697e-06
0.9193418
0.0022413135
0.0042358637
0.02340824
0.049588326
2.8750337e-06
最も近いのは2番目のホガースカーブ
./R/hula/4068_4115.png
8.940697e-08
0.007881373
0.0014645755
0.027817518
0.5872165
0.31881317
0.0002346664
最も近いのは5番目のホガースカーブ
