./R/myan/2806_2844.png
4.9471855e-06
0.94150305
0.004740745
0.00087735057
0.12162148
0.18724272
1.7470507e-05
最も近いのは2番目のホガースカーブ
./R/myan/13871_13919.png
5.9604645e-08
0.0017206967
0.017598808
0.00537619
0.8883024
0.05081139
0.0013233029
最も近いのは5番目のホガースカーブ
./R/myan/4281_4337.png
8.940697e-08
0.01654002
0.001898855
0.006595999
0.5951014
0.2761897
0.0039178687
最も近いのは5番目のホガースカーブ
./R/myan/10710_10753.png
8.940697e-08
0.0008340776
0.011414051
0.0144660175
0.9611589
0.010047516
0.0077244705
最も近いのは5番目のホガースカーブ
./R/myan/4725_4762.png
4.887581e-06
0.5036957
0.00072699785
0.004113823
0.26835224
0.17284638
2.404024e-05
最も近いのは2番目のホガースカーブ
./R/myan/2769_2807.png
7.0035458e-06
0.65708375
0.0017612278
0.0067739785
0.1226332
0.28220737
4.873175e-06
最も近いのは2番目のホガースカーブ
./R/myan/2261_2305.png
1.1920929e-07
0.00014162064
0.06960192
0.0049133003
0.7633957
0.013041519
0.06502777
最も近いのは5番目のホガースカーブ
./R/myan/13092_13180.png
5.662441e-07
0.037735343
2.2828579e-05
0.026546866
0.08302511
0.94540733
0.0007206457
最も近いのは6番目のホガースカーブ
./R/myan/2843_2869.png
2.2649765e-06
0.24599746
0.0019333363
0.0022060573
0.3232085
0.2367667
1.0509709e-05
最も近いのは5番目のホガースカーブ
./R/myan/13006_13043.png
0.0
0.0040204525
0.037457764
0.0029789805
0.9065865
0.007091344
0.0029828274
最も近いのは5番目のホガースカーブ
./R/myan/13263_13310.png
7.1525574e-07
0.68213713
0.005456358
0.018646061
0.23195797
0.15651439
1.5252038e-05
最も近いのは2番目のホガースカーブ
./R/myan/13017_13066.png
8.940697e-08
0.047322035
5.438924e-05
0.03892067
0.16473892
0.79929394
0.00076387916
最も近いのは6番目のホガースカーブ
./R/myan/13770_13819.png
1.8566847e-05
0.83651245
0.0019957721
0.001228869
0.07776147
0.2341768
5.965945e-06
最も近いのは2番目のホガースカーブ
./R/myan/10617_10666.png
0.0
0.0009114444
0.0061630905
0.014057338
0.9322811
0.015308805
0.004965425
最も近いのは5番目のホガースカーブ
./R/myan/4617_4647.png
2.9802322e-08
0.0002464056
0.008475721
0.0023691952
0.8420911
0.012164457
0.024622126
最も近いのは5番目のホガースカーブ
./R/myan/13193_13259.png
5.364418e-06
0.67919457
0.00084644556
0.000965178
0.06197898
0.25682122
2.0906777e-05
最も近いのは2番目のホガースカーブ
./R/myan/10023_10064.png
1.1920929e-07
0.011223435
0.0029197633
0.0045484006
0.8953928
0.0695449
0.001265246
最も近いのは5番目のホガースカーブ
./R/myan/10106_10138.png
8.046627e-07
0.53337646
0.00033423305
0.0049170554
0.44655496
0.304214
5.8375485e-05
最も近いのは2番目のホガースカーブ
./R/myan/4801_4850.png
1.5497208e-06
0.10243341
0.0021272004
0.0015081763
0.2799132
0.48310867
9.3961135e-05
最も近いのは6番目のホガースカーブ
./R/myan/4252_4316.png
6.2584877e-07
0.4067091
6.02901e-05
0.0067629814
0.09310339
0.77390975
0.00016907042
最も近いのは6番目のホガースカーブ
./R/myan/4892_4919.png
2.682209e-07
0.10681504
0.005749613
0.0148875415
0.62216103
0.14035302
0.0001672786
最も近いのは5番目のホガースカーブ
./R/myan/13651_13694.png
6.765127e-06
0.9918301
0.012958467
0.00050479174
0.017330002
0.06097535
1.5314054e-05
最も近いのは2番目のホガースカーブ
./R/myan/4590_4617.png
6.2584877e-07
0.35540557
0.03912142
0.00068977475
0.4375567
0.0384383
5.1220566e-05
最も近いのは5番目のホガースカーブ
./R/myan/2696_2737.png
0.0
0.00019261241
0.0028696954
0.039450824
0.91500694
0.037935145
0.00841655
最も近いのは5番目のホガースカーブ
./R/myan/4642_4701.png
9.834766e-07
0.044372857
0.023478627
0.0047394335
0.6696744
0.026241656
2.8868348e-05
最も近いのは5番目のホガースカーブ
./R/myan/2964_2988.png
1.5199184e-06
0.87440175
0.0019855797
0.011182904
0.0939174
0.05163015
3.7650447e-05
最も近いのは2番目のホガースカーブ
./R/myan/2629_2705.png
0.0
5.4746866e-05
0.0014458001
0.017183691
0.9886885
0.014703233
0.07727594
最も近いのは5番目のホガースカーブ
./R/myan/4113_4151.png
6.4969063e-06
0.9387022
0.0016450584
0.0051658154
0.034863498
0.14773136
7.810107e-06
最も近いのは2番目のホガースカーブ
./R/myan/13740_13774.png
7.748604e-07
0.8940203
0.00041541457
0.004404843
0.1504244
0.11534327
7.219855e-05
最も近いのは2番目のホガースカーブ
./R/myan/4184_4214.png
7.748604e-07
0.9622243
0.0039669275
0.0029843748
0.053062133
0.04913119
2.3571e-05
最も近いのは2番目のホガースカーブ
./R/myan/2458_2507.png
2.9802322e-08
5.990267e-06
0.00024816394
0.25223142
0.9806732
0.15503135
0.061726242
最も近いのは5番目のホガースカーブ
./R/myan/13697_13742.png
3.9041042e-06
0.7868849
0.0067914724
0.0034415424
0.12749626
0.10710972
1.6009228e-06
最も近いのは2番目のホガースカーブ
./R/myan/13556_13606.png
1.4603138e-06
0.7279391
0.021756262
0.0022200346
0.34687597
0.061250437
3.804325e-06
最も近いのは2番目のホガースカーブ
./R/myan/13388_13445.png
2.3841858e-06
0.12016806
0.010695577
0.0025677085
0.6965365
0.09261677
3.78886e-05
最も近いのは5番目のホガースカーブ
./R/myan/4682_4738.png
8.046627e-07
0.08339697
8.392334e-05
0.006447196
0.08442747
0.9354417
0.0010936289
最も近いのは6番目のホガースカーブ
./R/myan/4039_4079.png
3.2782555e-07
0.01566884
0.0017599463
0.0011695623
0.7514997
0.09319378
0.0004554561
最も近いのは5番目のホガースカーブ
./R/myan/10159_10248.png
0.0
0.00015628338
0.0037193
0.015739232
0.9273115
0.045931194
0.0085666245
最も近いのは5番目のホガースカーブ
