./R/nichibu/16906_16988.png
0.0
8.377433e-05
0.0036614537
0.008696616
0.9781894
0.01254397
0.045350805
最も近いのは5番目のホガースカーブ
./R/nichibu/12199_12280.png
1.9073486e-06
0.1526675
0.0025453866
0.0035397112
0.46267706
0.24823879
0.008682238
最も近いのは5番目のホガースカーブ
./R/nichibu/9737_9863.png
1.1622906e-06
0.7935034
0.0015578568
0.0054276586
0.04139833
0.28481495
2.6840065e-05
最も近いのは2番目のホガースカーブ
./R/nichibu/19513_19596.png
8.940697e-08
0.0027697086
0.033123493
0.009386897
0.9262225
0.010544856
0.0008516419
最も近いのは5番目のホガースカーブ
./R/nichibu/12352_12406.png
1.4901161e-07
0.0074778795
0.00029706955
0.02667281
0.85919607
0.29590046
0.0002292823
最も近いのは5番目のホガースカーブ
./R/nichibu/16003_16130.png
5.9604645e-08
0.009439409
0.0011281371
0.0512847
0.59066844
0.24322468
0.00042107244
最も近いのは5番目のホガースカーブ
./R/nichibu/19894_19973.png
6.2584877e-07
0.9111239
0.0012502372
0.01699254
0.04435609
0.18812262
4.3913657e-05
最も近いのは2番目のホガースカーブ
./R/nichibu/16732_16817.png
0.0
0.0010744035
0.009819865
0.042231917
0.9537937
0.052010063
0.0010363222
最も近いのは5番目のホガースカーブ
./R/nichibu/12519_12592.png
8.6426735e-07
0.72237134
0.0003452301
0.0052628517
0.41156623
0.21479216
6.104488e-05
最も近いのは2番目のホガースカーブ
./R/nichibu/16817_16921.png
0.0
0.005506158
0.008930355
0.02473697
0.7622669
0.061074466
0.00039533467
最も近いのは5番目のホガースカーブ
./R/nichibu/16446_16572.png
0.0
6.1273575e-05
0.0015973151
0.04094088
0.97845596
0.023031866
0.05340057
最も近いのは5番目のホガースカーブ
